gnss_mass: 0.360
gnss_inertia:
  ixx: 0.002127
  ixy: 0
  ixz: 0
  iyy: 0.002127
  iyz: 0
  izz: 0.00405