indicator_light_mass: 0.16617
indicator_light_inertia:
  ixx: 0.00014
  ixy: 0
  ixz: 0
  iyy: 0.00014
  iyz: 0
  izz: 0.0001