suspension_mass: 1.947
suspension_inertia:
  ixx: 0.24144668
  ixy: 0.04782891
  ixz: -0.14103386
  iyy: 0.30310829
  iyz: -0.06788500
  izz: 0.14649874