wheel_mass: 2.80242
wheel_inertia: 
  ixx: 0.02076
  ixy: 0
  ixz: 0
  iyy: 0.02167
  iyz: 0
  izz: 0.02076